50384631
50409936
50435241
50460546
50485851
50511156
50536461
50561766
50587071
50612376
50637681
50662986
50688291
50713596
50738901
50764206
50789511
50814816
50840121
50865426
50890731
50916036
50941341
50966646
50991951
51017256
51042561
51067866
51093171
51118476
51143781
51169086
51194391
51219696
51245001
51270306
51295611
51320916
51346221
51371526
51396831
51422136
51447441
51472746
51498051
51523356
51548661
51573966
51599271
51624576
51649881
51675186
51700491
51725796
51751101
51776406
51801711
51827016
51852321
51877626
51902931
51928236
51953541
51978846
52004151
52029456
52054761
52080066
52105371
52130676
52155981
52181286
52206591
52231896
52257201
52282506
52307811
52333116
52358421
52383726
52409031
52434336
52459641
52484946
52510251
52535556
52560861
52586166
52611471
52636776
52662081
52687386
52712691
52737996
52763301
52788606
52813911
52839216
52864521
52889826
52915131
52940436
52965741
52991046
53016351
53041656
53066961
53092266
53117571
53142876
53168181
53193486
53218791
53244096
53269401
53294706
53320011
53345316
53370621
53395926
53421231
53446536
53471841
53497146
53522451
53547756
53573061
53598366
53623671
53648976
53674281
53699586
53724891
53750196
53775501
53800806
53826111
53851416
53876721
53902026
53927331
53952636
53977941
54003246
54028551
54053856
54079161
54104466
54129771
54155076
54180381
54205686
54230991
54256296
54281601
54306906
54332211
54357516
54382821
54408126
54433431
54458736
54484041
54509346
54534651
54559956
54585261
54610566
54635871
54661176
54686481
54711786
54737091
54762396
54787701
54813006
54838311
54863616
54888921
54914226
54939531
54964836
54990141
55015446
55040751
55066056
55091361
55116666
55141971
55167276
55192581
55217886
55243191
55268496
55293801
55319106
55344411
55369716
55395021
55420326
55445631
55470936
55496241
55521546
55546851
55572156
55597461
55622766
55648071
55673376
55698681
55723986
55749291
55774596
55799901
55825206
55850511
55875816
55901121
55926426
55951731
55977036
56002341
56027646
56052951
56078256
56103561
56128866
56154171
56179476
56204781
56230086
56255391
56280696
56306001
56331306
56356611
56381916
56407221
56432526
56457831
56483136
56508441
56533746
56559051
56584356
56609661
56634966
56660271
56685576
56710881
56736186
56761491
56786796
56812101
56837406
56862711
56888016
56913321
56938626
56963931
56989236
57014541
57039846
57065151
57090456
57115761
57141066
57166371
57191676
57216981
57242286
57267591
57292896
57318201
57343506
57368811
57394116
57419421
57444726
57470031
57495336
57520641
57545946
57571251
57596556
57621861
57647166
57672471
57697776
57723081
57748386
57773691
57798996
57824301
57849606
57874911
57900216
57925521
57950826
57976131
58001436
58026741
58052046
58077351
58102656
58127961
58153266
58178571
58203876
58229181
58254486
58279791
58305096
58330401
58355706
58381011
58406316
58431621
58456926
58482231
58507536
58532841
58558146
58583451
58608756
58634061
58659366
58684671
58709976
58735281
58760586
58785891
58811196
58836501
58861806
58887111
58912416
58937721
58963026
58988331
59013636
59038941
59064246
59089551
59114856
59140161
59165466
59190771
59216076
59241381
59266686
59291991
59317296
59342601
59367906
59393211
59418516
59443821
59469126
59494431
59519736
59545041
59570346
59595651
59620956
59646261
59671566
59696871
59722176
59747481
59772786
59798091
59823396
59848701
59874006
59899311
59924616
59949921
59975226
60000531
60025836
60051141
60076446
60101751
60127056
60152361
60177666
60202971
60228276
60253581
60278886
60304191
60329496
60354801
60380106
60405411
60430716
60456021
60481326
60506631
60531936
60557241
60582546
60607851
60633156
60658461
60683766
60709071
60734376
60759681
60784986
60810291
60835596
60860901
60886206
60911511
60936816
60962121
60987426
61012731
61038036
61063341
61088646
61113951
61139256
61164561
61189866
61215171
61240476
61265781
61291086
61316391
61341696
61367001
61392306
61417611
61442916
61468221
61493526
61518831
61544136
61569441
61594746
61620051
61645356
61670661
61695966
61721271
61746576
61771881
61797186
61822491
61847796
61873101
61898406
61923711
61949016
61974321
61999626
62024931
62050236
62075541
62100846
62126151
62151456
62176761
62202066
62227371
62252676
62277981
62303286
62328591
62353896
62379201
62404506
62429811
62455116
62480421
62505726
62531031
62556336
62581641
62606946
62632251
62657556
62682861
62708166
62733471
62758776
62784081
62809386
62834691
62859996
62885301
62910606
62935911
62961216
62986521
63011826
63037131
63062436
63087741
63113046
63138351
63163656
63188961
63214266
63239571
63264876
63290181
63315486
63340791
63366096
63391401
63416706
63442011
63467316
63492621
63517926
63543231
63568536
63593841
63619146
63644451
63669756
63695061
63720366
63745671
63770976
63796281
63821586
63846891
63872196
63897501
63922806
63948111
63973416
63998721
64024026
64049331
64074636
64099941
64125246
64150551
64175856
64201161
64226466
64251771
64277076
64302381
64327686
64352991
64378296
64403601
64428906
64454211
64479516
64504821
64530126
64555431
64580736
64606041
64631346
64656651
64681956
64707261
64732566
64757871
64783176
64808481
64833786
64859091
64884396
64909701
64935006
64960311
64985616
65010921
65036226
65061531
65086836
65112141
65137446
65162751
65188056
65213361
65238666
65263971
65289276
65314581
65339886
65365191
65390496
65415801
65441106
65466411
65491716
65517021
65542326
65567631
65592936
65618241
65643546
65668851
65694156
65719461
65744766
65770071
65795376
65820681
65845986
65871291
65896596
65921901
65947206
65972511
65997816
66023121
66048426
66073731
66099036
66124341
66149646
66174951
66200256
66225561
66250866
66276171
66301476
66326781
66352086
66377391
66402696
66428001
66453306
66478611
66503916
66529221
66554526
66579831
66605136
66630441
66655746
66681051
66706356
66731661
66756966
66782271
66807576
66832881
66858186
66883491
66908796
66934101
66959406
66984711
67010016
67035321
67060626
67085931
67111236
67136541
67161846
67187151
67212456
67237761
67263066
67288371
67313676
67338981
67364286
67389591
67414896
67440201
67465506
67490811
67516116
67541421
67566726
67592031
67617336
67642641
67667946
67693251
67718556
67743861
67769166
67794471
67819776
67845081
67870386
67895691
67920996
67946301
67971606
67996911
68022216
68047521
68072826
68098131
68123436
68148741
68174046
68199351
68224656
68249961
68275266
68300571
68325876
68351181
68376486
68401791
68427096
68452401
68477706
68503011
68528316
68553621
68578926
68604231
68629536
68654841
68680146
68705451
68730756
68756061
68781366
68806671
68831976
68857281
68882586
68907891
68933196
68958501
68983806
69009111
69034416
69059721
69085026
69110331
69135636
69160941
69186246
69211551
69236856
69262161
69287466
69312771
69338076
69363381
69388686
69413991
69439296
69464601
69489906
69515211
69540516
69565821
69591126
69616431
69641736
69667041
69692346
69717651
69742956
69768261
69793566
69818871
69844176
69869481
69894786
69920091
69945396
69970701
69996006
70021311
70046616
70071921
70097226
70122531
70147836
70173141
70198446
70223751
70249056
70274361
70299666
70324971
70350276
70375581
70400886
70426191
70451496
70476801
70502106
70527411
70552716
70578021
70603326
70628631
70653936
70679241
70704546
70729851
70755156
70780461
70805766
70831071
70856376
70881681
70906986
70932291
70957596
70982901
71008206
71033511
71058816
71084121
71109426
71134731
71160036
71185341
71210646
71235951
71261256
71286561
71311866
71337171
71362476
71387781
71413086
71438391
71463696
71489001
71514306
71539611
71564916
71590221
71615526
71640831
71666136
71691441
71716746
71742051
71767356
71792661
71817966
71843271
71868576
71893881
71919186
71944491
71969796
71995101
72020406
72045711
72071016
72096321
72121626
72146931
72172236
72197541
72222846
72248151
72273456
72298761
72324066
72349371
72374676
72399981
72425286
72450591
72475896
72501201
72526506
72551811
72577116
72602421
72627726
72653031
72678336
72703641
72728946
72754251
72779556
72804861
72830166
72855471
72880776
72906081
72931386
72956691
72981996
73007301
73032606
73057911
73083216
73108521
73133826
73159131
73184436
73209741
73235046
73260351
73285656
73310961
73336266
73361571
73386876
73412181
73437486
73462791
73488096
73513401
73538706
73564011
73589316
73614621
73639926
73665231
73690536
73715841
73741146
73766451
73791756
73817061
73842366
73867671
73892976
73918281
73943586
73968891
73994196
74019501
74044806
74070111
74095416
74120721
74146026
74171331
74196636
74221941
74247246
74272551
74297856
74323161
74348466
74373771
74399076
74424381
74449686
74474991
74500296
74525601
74550906
74576211
74601516
74626821
74652126
74677431
74702736
74728041
74753346
74778651
74803956
74829261
74854566
74879871
74905176
74930481
74955786
74981091
75006396
75031701
75057006
75082311
75107616
75132921
75158226
75183531
75208836
75234141
75259446
75284751
75310056
75335361
75360666
75385971
75411276
75436581
75461886
75487191
75512496
75537801
75563106
75588411
75613716
75639021
75664326
